# 京急: 編成情報

-TypeName: 京急 2100 形電車 
2101: 2101, 2102, 2103, 2104, 2105, 2106, 2107, 2108
2109: 2109, 2110, 2111, 2112, 2113, 2114, 2115, 2116
2117: 2117, 2118, 2119, 2120, 2121, 2122, 2123, 2124
2125: 2125, 2126, 2127, 2128, 2129, 2130, 2131, 2132
2133: 2133, 2134, 2135, 2136, 2137, 2138, 2139, 2140
2149: 2149, 2150, 2151, 2152, 2153, 2154, 2155, 2156
2157: 2157, 2158, 2159, 2160, 2161, 2162, 2163, 2164
2165: 2165, 2166, 2167, 2168, 2169, 2170, 2171, 2172
2173: 2173, 2174, 2175, 2176, 2177, 2178, 2179, 2180

-TypeName: 京急 1500 形電車 
1529: 1529, 1530, 1931, 1932, 1531, 1532
1533: 1533, 1534, 1933, 1934, 1535, 1536
1537: 1537, 1538, 1935, 1936, 1539, 1540
1541: 1541, 1542, 1937, 1938, 1543, 1544
1545: 1545, 1546, 1939, 1940, 1547, 1548
1549: 1549, 1550, 1940, 1941, 1551, 1552
